start=2026-05-15T22:21:02.455233+00:00
end=2026-05-15T22:43:49.986369+00:00
user_id=d54e6652-fdf1-4ca0-82d1-23d7c02df294
