start=2026-05-15T19:24:20.360333+00:00
end=2026-05-15T19:27:58.794213+00:00
user_id=d54e6652-fdf1-4ca0-82d1-23d7c02df294
