start=2026-05-15T19:35:12.583029+00:00
end=2026-05-15T20:33:04.531046+00:00
user_id=d54e6652-fdf1-4ca0-82d1-23d7c02df294
